# t[s]	flow[ul/min]
    0.0200	  -15.5640
    0.0400	  -13.8768
    0.0600	  -14.7032
    0.0800	  -15.2340
    0.1000	  -15.2993
    0.1200	  -14.2081
    0.1400	  -12.9224
    0.1600	  -11.3165
    0.1800	  -11.3128
    0.2000	  -11.7722
    0.2200	  -12.2328
    0.2400	  -10.8596
    0.2600	  -10.2069
    0.2800	   -9.4126
    0.3000	   -9.2943
    0.3200	   -8.5271
    0.3400	   -7.5012
    0.3600	   -5.8288
    0.3800	   -5.8190
    0.4000	   -4.8855
    0.4200	   -3.3744
    0.4400	   -2.7808
    0.4600	   -2.7808
    0.4800	   -2.3362
    0.5000	   -2.7808
    0.5200	   -2.4840
    0.5400	   -2.7820
    0.5600	   -2.3362
    0.5800	   -2.1884
    0.6000	   -2.6305
    0.6200	   -3.5259
    0.6400	   -3.2266
    0.6600	   -4.2697
    0.6800	   -3.9717
    0.7000	   -4.1207
    0.7200	   -4.4224
    0.7400	   -5.0320
    0.7600	   -5.4975
    0.7800	   -6.4815
    0.8000	   -5.4889
    0.8200	   -5.3362
    0.8400	   -5.3362
    0.8600	   -6.1429
    0.8800	   -5.6502
    0.9000	   -5.6675
    0.9200	   -5.9815
    0.9400	   -6.3202
    0.9600	   -6.3116
    0.9800	   -6.6502
    1.0000	   -6.9901
    1.0200	   -6.9914
    1.0400	   -6.9901
    1.0600	   -7.1601
    1.0800	   -7.3313
    1.1000	   -6.9901
    1.1200	   -5.9815
    1.1400	   -6.3128
    1.1600	   -6.8214
    1.1800	   -6.1502
    1.2000	   -6.1429
    1.2200	   -5.8116
    1.2400	   -5.9815
    1.2600	   -6.6502
    1.2800	   -7.5012
    1.3000	   -8.0123
    1.3200	   -7.1601
    1.3400	   -6.8214
    1.3600	   -6.4815
    1.3800	   -6.8214
    1.4000	   -6.1429
    1.4200	   -5.9815
    1.4400	   -6.1502
    1.4600	   -5.8288
    1.4800	   -5.9815
    1.5000	   -6.4803
    1.5200	   -6.6515
    1.5400	   -6.8214
    1.5600	   -6.8202
    1.5800	   -7.8411
    1.6000	   -7.6712
    1.6200	   -6.6515
    1.6400	   -6.4815
    1.6600	   -6.9901
    1.6800	   -6.8214
    1.7000	   -6.1515
    1.7200	   -5.4975
    1.7400	   -6.8214
    1.7600	   -7.5012
    1.7800	   -7.3313
    1.8000	   -6.6502
    1.8200	   -6.1429
    1.8400	   -5.4975
    1.8600	   -5.6502
    1.8800	   -6.3116
    1.9000	   -7.1601
    1.9200	   -7.5012
    1.9400	   -7.1601
    1.9600	   -6.4815
    1.9800	   -7.1601
    2.0000	   -7.1601
    2.0200	   -7.3313
    2.0400	   -6.6515
    2.0600	   -5.9975
    2.0800	   -5.9741
    2.1000	   -6.8202
    2.1200	   -6.9901
    2.1400	   -7.8411
    2.1600	   -7.6712
    2.1800	   -6.9914
    2.2000	   -6.6515
    2.2200	   -6.6515
    2.2400	   -6.9901
    2.2600	   -7.1601
    2.2800	   -7.3313
    2.3000	   -7.6712
    2.3200	   -6.6515
    2.3400	   -5.8190
    2.3600	   -5.3362
    2.3800	   -5.8116
    2.4000	   -6.3116
    2.4200	   -6.6601
    2.4400	   -6.6515
    2.4600	   -6.8214
    2.4800	   -7.5012
    2.5000	   -7.5012
    2.5200	   -7.1601
    2.5400	   -7.5012
    2.5600	   -6.8214
    2.5800	   -6.9901
    2.6000	   -6.6515
    2.6200	   -6.3116
    2.6400	   -6.1429
    2.6600	   -6.9901
    2.6800	   -7.6712
    2.7000	   -7.1601
    2.7200	   -6.3190
    2.7400	   -6.4815
    2.7600	   -6.6515
    2.7800	   -7.5012
    2.8000	   -6.9901
    2.8200	   -5.6675
    2.8400	   -5.6576
    2.8600	   -6.1502
    2.8800	   -5.9741
    2.9000	   -6.3116
    2.9200	   -6.4901
    2.9400	   -7.3313
    2.9600	   -7.5012
    2.9800	   -6.9914
    3.0000	   -5.9741
    3.0200	   -5.9815
    3.0400	   -6.1515
    3.0600	   -6.4815
    3.0800	   -6.6515
    3.1000	   -6.8202
    3.1200	   -6.9901
    3.1400	   -7.5012
    3.1600	   -7.1601
    3.1800	   -7.6712
    3.2000	   -7.3313
    3.2200	   -7.1601
    3.2400	   -6.3116
    3.2600	   -6.1429
    3.2800	   -7.1601
    3.3000	   -6.9914
    3.3200	   -5.6502
    3.3400	   -5.5049
    3.3600	   -6.4889
    3.3800	   -7.1601
    3.4000	   -6.4803
    3.4200	   -6.6515
    3.4400	   -6.8202
    3.4600	   -7.1613
    3.4800	   -6.4803
    3.5000	   -6.3128
    3.5200	   -6.3116
    3.5400	   -7.3313
    3.5600	   -7.3313
    3.5800	   -7.3313
    3.6000	   -6.4803
    3.6200	   -6.4889
    3.6400	   -6.6515
    3.6600	   -6.4803
    3.6800	   -6.9901
    3.7000	   -7.5012
    3.7200	   -6.9901
    3.7400	   -6.9914
    3.7600	   -6.4815
    3.7800	   -6.4803
    3.8000	   -5.9741
    3.8200	   -6.1502
    3.8400	   -5.6576
    3.8600	   -6.3116
    3.8800	   -6.3116
    3.9000	   -6.3116
    3.9200	   -6.4889
    3.9400	   -6.9901
    3.9600	   -6.8214
    3.9800	   -6.9901
    4.0000	   -6.9901
    4.0200	   -7.1613
    4.0400	   -6.9914
    4.0600	   -6.6515
    4.0800	   -5.9741
    4.1000	   -6.4803
    4.1200	   -6.9901
    4.1400	   -6.6515
    4.1600	   -6.8214
    4.1800	   -6.9901
    4.2000	   -6.6515
    4.2200	   -6.3116
    4.2400	   -6.4828
    4.2600	   -6.1502
    0.0200	   -5.6576
    0.0400	   -5.6675
    0.0600	   -6.4803
    0.0800	   -6.6515
    0.1000	   -6.1502
    0.1200	   -6.3128
    0.1400	   -5.6502
    0.1600	   -6.1515
    0.1800	   -6.6515
    0.2000	   -7.1601
    0.2200	   -6.9901
    0.2400	   -7.1601
    0.2600	   -6.9901
    0.2800	   -6.4803
    0.3000	   -6.3116
    0.3200	   -6.8202
    0.3400	   -6.6527
    0.3600	   -6.8214
    0.3800	   -6.6515
    0.4000	   -6.4815
    0.4200	   -6.3116
    0.4400	   -6.6515
    0.4600	   -6.8202
    0.4800	   -6.6515
    0.5000	   -6.3202
    0.5200	   -5.8190
    0.5400	   -5.3461
    0.5600	   -6.1502
    0.5800	   -6.8202
    0.6000	   -7.1601
    0.6200	   -6.8214
    0.6400	   -6.6515
    0.6600	   -6.3116
    0.6800	   -6.4815
    0.7000	   -6.6515
    0.7200	   -6.6515
    0.7400	   -5.9815
    0.7600	   -5.9815
    0.7800	   -6.1429
    0.8000	   -6.4803
    0.8200	   -5.8276
    0.8400	   -5.0222
    0.8600	   -5.9815
    0.8800	   -6.8202
    0.9000	   -6.8202
    0.9200	   -7.1601
    0.9400	   -8.0123
    0.9600	   -7.6712
    0.9800	   -7.1601
    1.0000	   -6.8214
    1.0200	   -6.4815
    1.0400	   -6.4803
    1.0600	   -5.9815
    1.0800	   -5.3362
    1.1000	   -5.6502
    1.1200	   -6.3202
    1.1400	   -6.6527
    1.1600	   -6.9914
    1.1800	   -6.9901
    1.2000	   -7.1601
    1.2200	   -7.1601
    1.2400	   -7.3313
    1.2600	   -6.3128
    1.2800	   -5.8190
    1.3000	   -5.8190
    1.3200	   -5.8116
    1.3400	   -6.1502
    1.3600	   -5.9815
    1.3800	   -5.1749
    1.4000	   -5.8116
    1.4200	   -6.3116
    1.4400	   -7.5012
    1.4600	   -7.1601
    1.4800	   -6.9901
    1.5000	   -6.4815
    1.5200	   -7.5012
    1.5400	   -7.3313
    1.5600	   -7.5012
    1.5800	   -6.9901
    1.6000	   -6.1502
    1.6200	   -5.9815
    1.6400	   -6.4803
    1.6600	   -6.1429
    1.6800	   -5.9815
    1.7000	   -5.8288
    1.7200	   -6.1429
    1.7400	   -6.3128
